   0.0000000e+00   4.4563288e+00
   3.7736849e-02   3.3018149e+00
   7.5473697e-02   3.5959548e+00
   1.1321055e-01   3.4014951e+00
   1.5094739e-01   4.5711469e+00
   1.8868424e-01   3.3963229e+00
   2.2642109e-01   3.1789928e+00
   2.6415794e-01   4.6690727e+00
   3.0189479e-01   3.8206854e+00
   3.3963164e-01   4.5523938e+00
   3.7736849e-01   3.9299571e+00
   4.1510534e-01   4.5031746e+00
   4.5284218e-01   1.9605544e+00
   4.9057903e-01   4.6897127e+00
   5.2831588e-01   5.9343524e+00
   5.6605273e-01   5.1910546e+00
   6.0378958e-01   5.0589465e+00
   6.4152643e-01   4.0008567e+00
   6.7926328e-01   4.3512148e+00
   7.1700013e-01   4.3743283e+00
   7.5473697e-01   4.2022490e+00
   7.9247382e-01   3.3242453e+00
   8.3021067e-01   3.7064183e+00
   8.6794752e-01   3.8140062e+00
   9.0568437e-01   3.4831687e+00
   9.4342122e-01   4.6105064e+00
   9.8115807e-01   6.0811852e+00
   1.0188949e+00   2.5433065e+00
   1.0566318e+00   3.7863811e+00
   1.0943686e+00   2.3088509e+00
   1.1321055e+00   4.7155340e+00
   1.1698423e+00   4.7492578e+00
   1.2075792e+00   1.9224792e+00
   1.2453160e+00   5.1084545e+00
   1.2830529e+00   2.3257611e+00
   1.3207897e+00   3.4519632e+00
   1.3585266e+00   4.1861464e+00
   1.3962634e+00   3.2827265e+00
   1.4340003e+00   5.1737272e+00
   1.4717371e+00   5.5468324e+00
   1.5094739e+00   3.1606955e+00
   1.5472108e+00   1.2914898e+00
   1.5849476e+00   2.6560754e+00
   1.6226845e+00   2.2031235e+00
   1.6604213e+00   2.2651199e+00
   1.6981582e+00   1.9304935e+00
   1.7358950e+00   3.0127153e+00
   1.7736319e+00   4.8399432e+00
   1.8113687e+00   2.3057908e+00
   1.8491056e+00   2.7077990e+00
   1.8868424e+00   4.0240703e+00
   1.9245793e+00   4.0831245e+00
   1.9623161e+00   3.4488315e+00
   2.0000530e+00   3.9579572e+00
   2.0377898e+00   3.8428274e+00
   2.0755267e+00   2.7416338e+00
   2.1132635e+00   3.4981366e+00
   2.1510004e+00   2.8701675e+00
   2.1887372e+00   2.3565534e+00
   2.2264741e+00   3.7640272e+00
   2.2642109e+00   3.2785470e+00
   2.3019478e+00   3.0727889e+00
   2.3396846e+00   3.5249322e+00
   2.3774215e+00   4.1698868e+00
   2.4151583e+00   3.6502164e+00
   2.4528952e+00   3.4839879e+00
   2.4906320e+00   3.5694433e+00
   2.5283689e+00   3.3686912e+00
   2.5661057e+00   2.6265820e+00
   2.6038426e+00   4.0286700e+00
   2.6415794e+00   4.5814704e+00
   2.6793163e+00   2.8216070e+00
   2.7170531e+00   5.0221683e+00
   2.7547900e+00   3.1096592e+00
   2.7925268e+00   3.0264278e+00
   2.8302637e+00   2.4121860e+00
   2.8680005e+00   2.4781815e+00
   2.9057373e+00   2.3022839e+00
   2.9434742e+00   3.4450005e+00
   2.9812110e+00   4.5286527e+00
   3.0189479e+00   3.5297204e+00
   3.0566847e+00   3.7868066e+00
   3.0944216e+00   4.1886293e+00
   3.1321584e+00   6.9481688e-01
   3.1698953e+00   2.7580885e+00
   3.2076321e+00   3.1927447e+00
   3.2453690e+00   3.4889139e+00
   3.2831058e+00   1.6401463e+00
   3.3208427e+00   1.8836656e+00
   3.3585795e+00   3.4788117e+00
   3.3963164e+00   2.6448163e+00
   3.4340532e+00   3.2347602e+00
   3.4717901e+00   1.8647453e+00
   3.5095269e+00   1.2566777e+00
   3.5472638e+00   3.4156566e+00
   3.5850006e+00   3.8139453e+00
   3.6227375e+00   4.2242799e+00
   3.6604743e+00   1.3980698e+00
   3.6982112e+00   1.6016571e+00
   3.7359480e+00   1.5122699e+00
   3.7736849e+00   2.8411514e+00
   3.8114217e+00   2.3704368e+00
   3.8491586e+00   4.1584630e+00
   3.8868954e+00   1.7227746e+00
   3.9246323e+00   1.5257502e+00
   3.9623691e+00   3.3446732e+00
   4.0001060e+00   4.3036131e+00
   4.0378428e+00   2.5810492e+00
   4.0755797e+00   2.2411280e+00
   4.1133165e+00   3.3248391e+00
   4.1510534e+00   2.0673040e+00
   4.1887902e+00   3.6378075e+00
   4.2265271e+00   4.4504427e+00
   4.2642639e+00   3.9835420e+00
   4.3020008e+00   2.1513151e+00
   4.3397376e+00   3.4673308e+00
   4.3774744e+00   3.7576762e+00
   4.4152113e+00   5.7384154e+00
   4.4529481e+00   5.0033814e+00
   4.4906850e+00   4.1991293e+00
   4.5284218e+00   5.4956515e+00
   4.5661587e+00   3.4395476e+00
   4.6038955e+00   4.1244940e+00
   4.6416324e+00   5.7626423e+00
   4.6793692e+00   5.8919643e+00
   4.7171061e+00   5.2405844e+00
   4.7548429e+00   5.0632230e+00
   4.7925798e+00   4.1272013e+00
   4.8303166e+00   5.3532227e+00
   4.8680535e+00   3.9606254e+00
   4.9057903e+00   5.2414248e+00
   4.9435272e+00   4.9918890e+00
   4.9812640e+00   5.7732672e+00
   5.0190009e+00   4.3704053e+00
   5.0567377e+00   5.3285385e+00
   5.0944746e+00   5.4691674e+00
   5.1322114e+00   3.9435016e+00
   5.1699483e+00   4.8873332e+00
   5.2076851e+00   6.1773706e+00
   5.2454220e+00   4.8331574e+00
   5.2831588e+00   4.4458487e+00
   5.3208957e+00   5.1263227e+00
   5.3586325e+00   4.4600548e+00
   5.3963694e+00   5.0999045e+00
   5.4341062e+00   4.5748215e+00
   5.4718431e+00   4.6767178e+00
   5.5095799e+00   5.1075221e+00
   5.5473168e+00   5.9213751e+00
   5.5850536e+00   5.1076781e+00
   5.6227905e+00   6.1937441e+00
   5.6605273e+00   2.8976209e+00
   5.6982642e+00   4.3356769e+00
   5.7360010e+00   4.9732890e+00
   5.7737378e+00   4.0342012e+00
   5.8114747e+00   3.6665190e+00
   5.8492115e+00   5.4032130e+00
   5.8869484e+00   5.4361547e+00
   5.9246852e+00   5.1856437e+00
   5.9624221e+00   5.3248348e+00
   6.0001589e+00   4.2324467e+00
   6.0378958e+00   4.6176189e+00
   6.0756326e+00   5.0213824e+00
   6.1133695e+00   4.5519917e+00
   6.1511063e+00   5.5246863e+00
   6.1888432e+00   7.4104280e+00
   6.2265800e+00   4.9036756e+00
   6.2643169e+00   5.9760013e+00
   6.3020537e+00   4.5170099e+00
   6.3397906e+00   6.7067857e+00
   6.3775274e+00   4.6800808e+00
   6.4152643e+00   5.7886366e+00
   6.4530011e+00   5.0893678e+00
   6.4907380e+00   6.1485346e+00
   6.5284748e+00   5.7353869e+00
   6.5662117e+00   5.7184146e+00
   6.6039485e+00   8.4400172e+00
   6.6416854e+00   5.2412715e+00
   6.6794222e+00   5.7829616e+00
   6.7171591e+00   8.2508476e+00
   6.7548959e+00   4.8090393e+00
   6.7926328e+00   6.3375586e+00
   6.8303696e+00   4.8636729e+00
   6.8681065e+00   6.7465448e+00
   6.9058433e+00   6.0941859e+00
   6.9435802e+00   6.3608813e+00
   6.9813170e+00   5.4919022e+00
   7.0190539e+00   5.9270956e+00
   7.0567907e+00   6.9902167e+00
   7.0945276e+00   3.5712817e+00
   7.1322644e+00   4.0986679e+00
   7.1700013e+00   5.8886407e+00
   7.2077381e+00   4.8683810e+00
   7.2454749e+00   5.1313429e+00
   7.2832118e+00   3.9892305e+00
   7.3209486e+00   4.4591314e+00
   7.3586855e+00   4.8459840e+00
   7.3964223e+00   4.4926531e+00
   7.4341592e+00   4.3026322e+00
   7.4718960e+00   4.6404794e+00
   7.5096329e+00   4.1110727e+00
   7.5473697e+00   6.1087132e+00
   7.5851066e+00   3.9557099e+00
   7.6228434e+00   6.4289548e+00
   7.6605803e+00   4.4069800e+00
   7.6983171e+00   3.3926234e+00
   7.7360540e+00   4.1019787e+00
   7.7737908e+00   5.4641070e+00
   7.8115277e+00   5.5425331e+00
   7.8492645e+00   4.7105703e+00
   7.8870014e+00   4.8043099e+00
   7.9247382e+00   5.0996845e+00
   7.9624751e+00   3.2064436e+00
   8.0002119e+00   3.9905376e+00
   8.0379488e+00   2.8662496e+00
   8.0756856e+00   4.1130812e+00
   8.1134225e+00   5.3798068e+00
   8.1511593e+00   5.1832997e+00
   8.1888962e+00   6.6123627e+00
   8.2266330e+00   4.7222308e+00
   8.2643699e+00   2.6528743e+00
   8.3021067e+00   6.1379045e+00
   8.3398436e+00   5.7969009e+00
   8.3775804e+00   4.1450272e+00
   8.4153173e+00   4.8969002e+00
   8.4530541e+00   5.4252712e+00
   8.4907910e+00   5.0967519e+00
   8.5285278e+00   5.4030099e+00
   8.5662647e+00   4.6991151e+00
   8.6040015e+00   4.7879417e+00
   8.6417384e+00   4.9220946e+00
   8.6794752e+00   4.1492673e+00
   8.7172120e+00   6.1546249e+00
   8.7549489e+00   4.8902205e+00
   8.7926857e+00   5.5092289e+00
   8.8304226e+00   4.1249543e+00
   8.8681594e+00   3.9256776e+00
   8.9058963e+00   4.8064453e+00
   8.9436331e+00   4.6516780e+00
   8.9813700e+00   5.9413640e+00
   9.0191068e+00   5.3944495e+00
   9.0568437e+00   5.3147328e+00
   9.0945805e+00   3.5036584e+00
   9.1323174e+00   3.9058754e+00
   9.1700542e+00   4.9285623e+00
   9.2077911e+00   4.4011700e+00
   9.2455279e+00   5.8409621e+00
   9.2832648e+00   5.8511120e+00
   9.3210016e+00   4.0846350e+00
   9.3587385e+00   5.3578895e+00
   9.3964753e+00   5.7892865e+00
   9.4342122e+00   4.7861580e+00
   9.4719490e+00   5.9235604e+00
   9.5096859e+00   5.3858824e+00
   9.5474227e+00   4.5920596e+00
   9.5851596e+00   5.1612036e+00
   9.6228964e+00   4.5233276e+00
   9.6606333e+00   3.9552934e+00
   9.6983701e+00   4.6361497e+00
   9.7361070e+00   4.3358901e+00
   9.7738438e+00   3.9701440e+00
   9.8115807e+00   5.8928245e+00
   9.8493175e+00   4.5044642e+00
   9.8870544e+00   6.7750695e+00
   9.9247912e+00   4.0697101e+00
   9.9625281e+00   4.8688246e+00
   1.0000265e+01   5.8161731e+00
   1.0038002e+01   6.8850520e+00
   1.0075739e+01   4.7448101e+00
   1.0113475e+01   3.8089417e+00
   1.0151212e+01   5.2972289e+00
   1.0188949e+01   3.4453933e+00
   1.0226686e+01   4.4506816e+00
   1.0264423e+01   5.0099392e+00
   1.0302160e+01   6.1777682e+00
   1.0339897e+01   6.2057796e+00
   1.0377633e+01   4.9654436e+00
   1.0415370e+01   5.9018150e+00
   1.0453107e+01   4.8626814e+00
   1.0490844e+01   5.8293177e+00
   1.0528581e+01   7.0408369e+00
   1.0566318e+01   5.5406025e+00
   1.0604054e+01   5.2105560e+00
   1.0641791e+01   5.1110129e+00
   1.0679528e+01   6.2837955e+00
   1.0717265e+01   6.9178478e+00
   1.0755002e+01   7.6996115e+00
   1.0792739e+01   5.9037965e+00
   1.0830476e+01   6.0665852e+00
   1.0868212e+01   5.4108075e+00
   1.0905949e+01   7.4868285e+00
   1.0943686e+01   6.0190960e+00
   1.0981423e+01   5.7070537e+00
   1.1019160e+01   8.1396516e+00
   1.1056897e+01   6.9384588e+00
   1.1094634e+01   6.8848963e+00
   1.1132370e+01   5.3607793e+00
   1.1170107e+01   6.6771259e+00
   1.1207844e+01   6.7707665e+00
   1.1245581e+01   5.3313441e+00
   1.1283318e+01   6.1188296e+00
   1.1321055e+01   5.9616233e+00
   1.1358791e+01   6.8018797e+00
   1.1396528e+01   5.4184933e+00
   1.1434265e+01   7.3005231e+00
   1.1472002e+01   7.9206208e+00
   1.1509739e+01   6.0334117e+00
   1.1547476e+01   6.2907808e+00
   1.1585213e+01   6.7461960e+00
   1.1622949e+01   7.3651030e+00
   1.1660686e+01   6.7448022e+00
   1.1698423e+01   6.6265001e+00
   1.1736160e+01   5.8306421e+00
   1.1773897e+01   6.0551242e+00
   1.1811634e+01   6.8165119e+00
   1.1849370e+01   7.7830811e+00
   1.1887107e+01   6.7874911e+00
   1.1924844e+01   5.2015629e+00
   1.1962581e+01   6.6916304e+00
   1.2000318e+01   6.2378314e+00
   1.2038055e+01   6.1240129e+00
   1.2075792e+01   6.1733902e+00
   1.2113528e+01   5.6098961e+00
   1.2151265e+01   6.1479063e+00
   1.2189002e+01   5.7693452e+00
   1.2226739e+01   6.1890526e+00
   1.2264476e+01   6.6684820e+00
   1.2302213e+01   6.7681378e+00
   1.2339950e+01   6.4679133e+00
   1.2377686e+01   6.5774635e+00
   1.2415423e+01   6.7995007e+00
   1.2453160e+01   7.2370468e+00
   1.2490897e+01   8.0339760e+00
   1.2528634e+01   7.4944468e+00
   1.2566371e+01   6.7335862e+00
   1.2604107e+01   7.5838234e+00
   1.2641844e+01   6.8768585e+00
   1.2679581e+01   5.5450465e+00
   1.2717318e+01   5.0821581e+00
   1.2755055e+01   5.6959639e+00
   1.2792792e+01   7.0643760e+00
   1.2830529e+01   6.7553216e+00
   1.2868265e+01   6.6952197e+00
   1.2906002e+01   7.4051495e+00
   1.2943739e+01   6.7951668e+00
   1.2981476e+01   6.8347171e+00
   1.3019213e+01   7.9588140e+00
   1.3056950e+01   8.1161291e+00
   1.3094686e+01   9.6006661e+00
   1.3132423e+01   7.6694535e+00
   1.3170160e+01   7.4332201e+00
   1.3207897e+01   6.8414870e+00
   1.3245634e+01   7.1542180e+00
   1.3283371e+01   7.2506182e+00
   1.3321108e+01   5.6768906e+00
   1.3358844e+01   6.9816378e+00
   1.3396581e+01   7.8396256e+00
   1.3434318e+01   6.5992085e+00
   1.3472055e+01   7.5021594e+00
   1.3509792e+01   7.8912424e+00
   1.3547529e+01   7.9076896e+00
   1.3585266e+01   7.5750576e+00
   1.3623002e+01   4.7786112e+00
   1.3660739e+01   6.2406457e+00
   1.3698476e+01   7.4962115e+00
   1.3736213e+01   6.9771381e+00
   1.3773950e+01   6.5647295e+00
   1.3811687e+01   6.8939578e+00
   1.3849423e+01   7.4606478e+00
   1.3887160e+01   6.5278124e+00
   1.3924897e+01   5.6559384e+00
   1.3962634e+01   6.1297025e+00
   1.4000371e+01   6.0622100e+00
   1.4038108e+01   7.0181937e+00
   1.4075845e+01   6.5488791e+00
   1.4113581e+01   6.6422098e+00
   1.4151318e+01   6.2592133e+00
   1.4189055e+01   5.7819747e+00
   1.4226792e+01   6.1500177e+00
   1.4264529e+01   6.2820464e+00
   1.4302266e+01   4.8256278e+00
   1.4340003e+01   6.2465525e+00
   1.4377739e+01   6.9264719e+00
   1.4415476e+01   6.0026956e+00
   1.4453213e+01   7.5309935e+00
   1.4490950e+01   6.6376194e+00
   1.4528687e+01   5.7751271e+00
   1.4566424e+01   6.0375841e+00
   1.4604160e+01   5.9530879e+00
   1.4641897e+01   6.4438170e+00
   1.4679634e+01   6.9329433e+00
   1.4717371e+01   6.0182588e+00
   1.4755108e+01   6.7206286e+00
   1.4792845e+01   7.9141087e+00
   1.4830582e+01   7.1977730e+00
   1.4868318e+01   7.1255280e+00
   1.4906055e+01   5.6706437e+00
   1.4943792e+01   5.9417705e+00
   1.4981529e+01   6.6564644e+00
   1.5019266e+01   6.3599012e+00
   1.5057003e+01   4.9966859e+00
   1.5094739e+01   5.1012048e+00
   1.5132476e+01   7.3887647e+00
   1.5170213e+01   5.7798444e+00
   1.5207950e+01   8.3255572e+00
   1.5245687e+01   4.4441004e+00
   1.5283424e+01   6.8326657e+00
   1.5321161e+01   6.4104381e+00
   1.5358897e+01   5.7067804e+00
   1.5396634e+01   6.7255116e+00
   1.5434371e+01   5.6184098e+00
   1.5472108e+01   7.0753586e+00
   1.5509845e+01   6.3282606e+00
   1.5547582e+01   4.7574730e+00
   1.5585319e+01   4.0143149e+00
   1.5623055e+01   5.9041703e+00
   1.5660792e+01   7.1537857e+00
   1.5698529e+01   6.2490420e+00
   1.5736266e+01   6.0993097e+00
   1.5774003e+01   6.6356018e+00
   1.5811740e+01   4.7309117e+00
   1.5849476e+01   7.2389346e+00
   1.5887213e+01   5.1260743e+00
   1.5924950e+01   5.9427774e+00
   1.5962687e+01   5.5641108e+00
   1.6000424e+01   6.0131728e+00
   1.6038161e+01   4.1208520e+00
   1.6075898e+01   7.2401979e+00
   1.6113634e+01   6.3633981e+00
   1.6151371e+01   7.6904963e+00
   1.6189108e+01   7.1720246e+00
   1.6226845e+01   5.9289657e+00
   1.6264582e+01   5.1012725e+00
   1.6302319e+01   4.4153068e+00
   1.6340055e+01   6.0355147e+00
   1.6377792e+01   6.2632292e+00
   1.6415529e+01   7.0585549e+00
   1.6453266e+01   5.3180428e+00
   1.6491003e+01   6.9507748e+00
   1.6528740e+01   6.3657785e+00
   1.6566477e+01   5.6752502e+00
   1.6604213e+01   7.1419283e+00
   1.6641950e+01   6.7608827e+00
   1.6679687e+01   6.3892350e+00
   1.6717424e+01   8.3712617e+00
   1.6755161e+01   7.3121057e+00
   1.6792898e+01   6.7472404e+00
   1.6830635e+01   7.1788819e+00
   1.6868371e+01   7.0895695e+00
   1.6906108e+01   7.2482968e+00
   1.6943845e+01   7.5793300e+00
   1.6981582e+01   6.7046179e+00
   1.7019319e+01   6.6042859e+00
   1.7057056e+01   7.7166786e+00
   1.7094792e+01   9.1554008e+00
   1.7132529e+01   7.2452628e+00
   1.7170266e+01   6.6680753e+00
   1.7208003e+01   7.4182390e+00
   1.7245740e+01   7.2457990e+00
   1.7283477e+01   7.4302286e+00
   1.7321214e+01   8.1911048e+00
   1.7358950e+01   7.6793031e+00
   1.7396687e+01   7.2894877e+00
   1.7434424e+01   7.4481673e+00
   1.7472161e+01   6.6756721e+00
   1.7509898e+01   7.1062554e+00
   1.7547635e+01   6.6177832e+00
   1.7585371e+01   7.4308917e+00
   1.7623108e+01   6.9210169e+00
   1.7660845e+01   7.2604571e+00
   1.7698582e+01   7.6221446e+00
   1.7736319e+01   6.8079091e+00
   1.7774056e+01   7.8640087e+00
   1.7811793e+01   8.1798878e+00
   1.7849529e+01   6.9982960e+00
   1.7887266e+01   8.8594521e+00
   1.7925003e+01   6.4217433e+00
   1.7962740e+01   7.4900527e+00
   1.8000477e+01   6.5014852e+00
   1.8038214e+01   7.5246414e+00
   1.8075951e+01   6.6428799e+00
   1.8113687e+01   7.3195324e+00
   1.8151424e+01   7.1759476e+00
   1.8189161e+01   6.7852897e+00
   1.8226898e+01   6.0063653e+00
   1.8264635e+01   8.3901545e+00
   1.8302372e+01   9.7026159e+00
   1.8340108e+01   9.9284445e+00
   1.8377845e+01   7.5135114e+00
   1.8415582e+01   7.9480715e+00
   1.8453319e+01   7.6071437e+00
   1.8491056e+01   8.1351460e+00
   1.8528793e+01   7.2837503e+00
   1.8566530e+01   6.4300261e+00
   1.8604266e+01   8.1743323e+00
   1.8642003e+01   7.1563665e+00
   1.8679740e+01   6.6004397e+00
   1.8717477e+01   1.0504410e+01
   1.8755214e+01   8.2133073e+00
   1.8792951e+01   8.8427686e+00
   1.8830687e+01   9.6081123e+00
   1.8868424e+01   7.0733018e+00
   1.8906161e+01   9.0146129e+00
   1.8943898e+01   9.1454705e+00
   1.8981635e+01   8.8171432e+00
   1.9019372e+01   8.9297127e+00
   1.9057109e+01   8.3541649e+00
   1.9094845e+01   9.5175155e+00
   1.9132582e+01   8.1346495e+00
   1.9170319e+01   8.2106810e+00
   1.9208056e+01   9.6027095e+00
   1.9245793e+01   1.0484636e+01
   1.9283530e+01   8.6299625e+00
   1.9321267e+01   8.5280830e+00
   1.9359003e+01   9.3487189e+00
   1.9396740e+01   9.9391986e+00
   1.9434477e+01   9.8317464e+00
   1.9472214e+01   9.1841327e+00
   1.9509951e+01   8.3445958e+00
   1.9547688e+01   9.4512567e+00
   1.9585424e+01   8.7767054e+00
   1.9623161e+01   1.0045801e+01
   1.9660898e+01   7.4930745e+00
   1.9698635e+01   8.8373307e+00
   1.9736372e+01   9.8170588e+00
   1.9774109e+01   8.1538229e+00
   1.9811846e+01   7.9773066e+00
   1.9849582e+01   7.6377793e+00
   1.9887319e+01   8.1642226e+00
   1.9925056e+01   8.1708676e+00
   1.9962793e+01   8.4105311e+00
   2.0000530e+01   7.4290474e+00
   2.0038267e+01   8.2360183e+00
   2.0076004e+01   7.5575777e+00
   2.0113740e+01   7.7107550e+00
   2.0151477e+01   7.2325404e+00
   2.0189214e+01   7.6801715e+00
   2.0226951e+01   1.1098447e+01
   2.0264688e+01   1.0907562e+01
   2.0302425e+01   8.8326110e+00
   2.0340161e+01   8.4731806e+00
   2.0377898e+01   6.5834658e+00
   2.0415635e+01   7.1818246e+00
   2.0453372e+01   7.1297772e+00
   2.0491109e+01   8.1534331e+00
   2.0528846e+01   8.0958623e+00
   2.0566583e+01   7.7532966e+00
   2.0604319e+01   7.3487204e+00
   2.0642056e+01   6.8256030e+00
   2.0679793e+01   7.6718418e+00
   2.0717530e+01   8.7044297e+00
   2.0755267e+01   8.0795348e+00
   2.0793004e+01   7.8766974e+00
   2.0830740e+01   8.3270404e+00
   2.0868477e+01   8.2848588e+00
   2.0906214e+01   6.3296347e+00
   2.0943951e+01   7.8278847e+00
   2.0981688e+01   7.4547751e+00
   2.1019425e+01   6.0347330e+00
   2.1057162e+01   6.6964108e+00
   2.1094898e+01   7.6299752e+00
   2.1132635e+01   8.6850392e+00
   2.1170372e+01   7.7581122e+00
   2.1208109e+01   8.2204332e+00
   2.1245846e+01   7.1933687e+00
   2.1283583e+01   6.0739806e+00
   2.1321320e+01   8.1106397e+00
   2.1359056e+01   7.1769255e+00
   2.1396793e+01   9.0913181e+00
   2.1434530e+01   9.5965684e+00
   2.1472267e+01   7.6953821e+00
   2.1510004e+01   9.0943430e+00
   2.1547741e+01   8.8658985e+00
   2.1585477e+01   6.7170447e+00
   2.1623214e+01   7.9398417e+00
   2.1660951e+01   8.1807025e+00
   2.1698688e+01   8.3890875e+00
   2.1736425e+01   8.4974169e+00
   2.1774162e+01   8.4628089e+00
   2.1811899e+01   8.4320346e+00
   2.1849635e+01   7.5043444e+00
   2.1887372e+01   8.0902650e+00
   2.1925109e+01   5.6842517e+00
   2.1962846e+01   6.6234586e+00
   2.2000583e+01   8.7206330e+00
   2.2038320e+01   7.0094441e+00
   2.2076056e+01   7.8660882e+00
   2.2113793e+01   8.8982719e+00
   2.2151530e+01   6.7136553e+00
   2.2189267e+01   6.6265978e+00
   2.2227004e+01   7.0268416e+00
   2.2264741e+01   7.8520804e+00
   2.2302478e+01   7.2605945e+00
   2.2340214e+01   6.5598785e+00
   2.2377951e+01   6.0248476e+00
   2.2415688e+01   7.1136757e+00
   2.2453425e+01   7.2602914e+00
   2.2491162e+01   6.9961600e+00
   2.2528899e+01   7.2667763e+00
   2.2566636e+01   6.5475337e+00
   2.2604372e+01   8.0646477e+00
   2.2642109e+01   5.6560364e+00
   2.2679846e+01   7.7919202e+00
   2.2717583e+01   8.3179094e+00
   2.2755320e+01   7.0109521e+00
   2.2793057e+01   7.7873544e+00
   2.2830793e+01   8.1694593e+00
   2.2868530e+01   7.4256060e+00
   2.2906267e+01   8.0416660e+00
   2.2944004e+01   8.5027436e+00
   2.2981741e+01   7.3684348e+00
   2.3019478e+01   9.0450678e+00
   2.3057215e+01   9.3609826e+00
   2.3094951e+01   8.7477277e+00
   2.3132688e+01   8.5547130e+00
   2.3170425e+01   7.5745882e+00
   2.3208162e+01   9.1479935e+00
   2.3245899e+01   7.6862999e+00
   2.3283636e+01   1.0287590e+01
   2.3321372e+01   9.4019198e+00
   2.3359109e+01   9.2350847e+00
   2.3396846e+01   8.7072074e+00
   2.3434583e+01   7.1631572e+00
   2.3472320e+01   8.1015398e+00
   2.3510057e+01   9.5573881e+00
   2.3547794e+01   1.1445759e+01
   2.3585530e+01   9.9816501e+00
   2.3623267e+01   9.6299302e+00
   2.3661004e+01   8.8939920e+00
   2.3698741e+01   9.5174409e+00
   2.3736478e+01   1.0294182e+01
   2.3774215e+01   9.2156525e+00
   2.3811952e+01   1.1158537e+01
   2.3849688e+01   8.3654086e+00
   2.3887425e+01   9.1290321e+00
   2.3925162e+01   9.5155853e+00
   2.3962899e+01   7.7078122e+00
   2.4000636e+01   9.9708701e+00
   2.4038373e+01   9.5258412e+00
   2.4076109e+01   9.5210144e+00
   2.4113846e+01   1.0155437e+01
   2.4151583e+01   1.0371137e+01
   2.4189320e+01   1.0145735e+01
   2.4227057e+01   8.9946369e+00
   2.4264794e+01   9.3688182e+00
   2.4302531e+01   9.7248723e+00
   2.4340267e+01   8.2739438e+00
   2.4378004e+01   8.4736296e+00
   2.4415741e+01   9.0258419e+00
   2.4453478e+01   9.4874313e+00
   2.4491215e+01   1.1040419e+01
   2.4528952e+01   1.0161005e+01
   2.4566688e+01   9.0640821e+00
   2.4604425e+01   8.9190730e+00
   2.4642162e+01   1.0892669e+01
   2.4679899e+01   1.2003465e+01
   2.4717636e+01   9.7289180e+00
   2.4755373e+01   9.1859330e+00
   2.4793110e+01   8.3877231e+00
   2.4830846e+01   1.0582020e+01
   2.4868583e+01   1.0013572e+01
   2.4906320e+01   1.0852464e+01
   2.4944057e+01   9.0385714e+00
   2.4981794e+01   1.0127291e+01
   2.5019531e+01   9.3775438e+00
   2.5057268e+01   1.1169560e+01
   2.5095004e+01   9.5818868e+00
   2.5132741e+01   1.0054517e+01
   2.5170478e+01   9.8741636e+00
   2.5208215e+01   1.1133997e+01
   2.5245952e+01   1.0674895e+01
   2.5283689e+01   9.4324993e+00
   2.5321425e+01   9.8103732e+00
   2.5359162e+01   9.4782442e+00
   2.5396899e+01   1.0909714e+01
   2.5434636e+01   1.0783715e+01
   2.5472373e+01   9.0382794e+00
   2.5510110e+01   8.8136865e+00
   2.5547847e+01   1.0507414e+01
   2.5585583e+01   1.1179218e+01
   2.5623320e+01   1.0705543e+01
   2.5661057e+01   9.1599162e+00
   2.5698794e+01   9.1422573e+00
   2.5736531e+01   1.1302695e+01
   2.5774268e+01   1.0368965e+01
   2.5812005e+01   1.0123884e+01
   2.5849741e+01   1.1622273e+01
   2.5887478e+01   9.6818630e+00
   2.5925215e+01   1.0476750e+01
   2.5962952e+01   1.0682656e+01
   2.6000689e+01   1.0992381e+01
   2.6038426e+01   9.4300240e+00
   2.6076162e+01   1.0462125e+01
   2.6113899e+01   1.2553476e+01
   2.6151636e+01   8.6558133e+00
   2.6189373e+01   1.0344641e+01
   2.6227110e+01   9.6833865e+00
   2.6264847e+01   9.0820842e+00
   2.6302584e+01   9.0147384e+00
   2.6340320e+01   1.0150063e+01
   2.6378057e+01   1.1726387e+01
   2.6415794e+01   8.8707318e+00
   2.6453531e+01   1.0017875e+01
   2.6491268e+01   8.9771403e+00
   2.6529005e+01   1.1212351e+01
   2.6566741e+01   9.8810077e+00
   2.6604478e+01   9.2286006e+00
   2.6642215e+01   9.8772829e+00
   2.6679952e+01   9.2860102e+00
   2.6717689e+01   1.0264234e+01
   2.6755426e+01   9.0825767e+00
   2.6793163e+01   8.2273072e+00
   2.6830899e+01   9.4504087e+00
   2.6868636e+01   1.0630464e+01
   2.6906373e+01   8.1502023e+00
   2.6944110e+01   9.0151280e+00
   2.6981847e+01   1.0147794e+01
   2.7019584e+01   7.5293148e+00
   2.7057321e+01   9.8376717e+00
   2.7095057e+01   9.9726943e+00
   2.7132794e+01   9.5098630e+00
   2.7170531e+01   8.6491486e+00
   2.7208268e+01   9.3619801e+00
   2.7246005e+01   9.4791861e+00
   2.7283742e+01   1.0264296e+01
   2.7321478e+01   1.0046787e+01
   2.7359215e+01   9.1607321e+00
   2.7396952e+01   1.0958914e+01
   2.7434689e+01   9.4786329e+00
   2.7472426e+01   8.8141354e+00
   2.7510163e+01   9.1695690e+00
   2.7547900e+01   1.0352510e+01
   2.7585636e+01   9.7677713e+00
   2.7623373e+01   1.0400798e+01
   2.7661110e+01   9.6680779e+00
   2.7698847e+01   1.1844926e+01
   2.7736584e+01   8.1046730e+00
   2.7774321e+01   9.2223043e+00
   2.7812057e+01   9.5096789e+00
   2.7849794e+01   9.6506978e+00
   2.7887531e+01   1.0862000e+01
   2.7925268e+01   9.7264966e+00
   2.7963005e+01   9.3998223e+00
   2.8000742e+01   9.5362122e+00
   2.8038479e+01   1.0119492e+01
   2.8076215e+01   8.7891866e+00
   2.8113952e+01   9.7802466e+00
   2.8151689e+01   7.9296603e+00
   2.8189426e+01   9.2302935e+00
   2.8227163e+01   8.4165400e+00
   2.8264900e+01   8.6400069e+00
   2.8302637e+01   9.4463535e+00
   2.8340373e+01   8.1456451e+00
   2.8378110e+01   8.2364942e+00
   2.8415847e+01   7.7334252e+00
   2.8453584e+01   7.0664735e+00
   2.8491321e+01   8.9140123e+00
   2.8529058e+01   1.0079386e+01
   2.8566794e+01   8.8564220e+00
   2.8604531e+01   8.8019527e+00
   2.8642268e+01   8.0682245e+00
   2.8680005e+01   1.0438749e+01
   2.8717742e+01   8.7986821e+00
   2.8755479e+01   1.0203231e+01
   2.8793216e+01   9.3860079e+00
   2.8830952e+01   8.8512623e+00
   2.8868689e+01   1.0095847e+01
   2.8906426e+01   1.0046024e+01
   2.8944163e+01   9.1072791e+00
   2.8981900e+01   1.0425265e+01
   2.9019637e+01   1.0918685e+01
   2.9057373e+01   9.3179964e+00
   2.9095110e+01   9.2129715e+00
   2.9132847e+01   9.8773354e+00
   2.9170584e+01   9.9033564e+00
   2.9208321e+01   1.0390146e+01
   2.9246058e+01   9.5123912e+00
   2.9283795e+01   1.0466893e+01
   2.9321531e+01   1.0849120e+01
   2.9359268e+01   1.0147873e+01
   2.9397005e+01   1.0208731e+01
   2.9434742e+01   9.0239288e+00
   2.9472479e+01   9.1781349e+00
   2.9510216e+01   8.9973930e+00
   2.9547953e+01   9.2695176e+00
   2.9585689e+01   1.0323611e+01
   2.9623426e+01   9.0802648e+00
   2.9661163e+01   1.2621870e+01
   2.9698900e+01   1.1328348e+01
   2.9736637e+01   8.8602387e+00
   2.9774374e+01   9.7354270e+00
   2.9812110e+01   1.0726532e+01
   2.9849847e+01   9.3248401e+00
   2.9887584e+01   1.0490826e+01
   2.9925321e+01   1.1919800e+01
   2.9963058e+01   1.0818506e+01
   3.0000795e+01   1.0928634e+01
   3.0038532e+01   1.0106108e+01
   3.0076268e+01   1.0521322e+01
   3.0114005e+01   9.8146762e+00
   3.0151742e+01   1.1364662e+01
